ocupacao: 0.599304
E[N]: 1.495501
E[W]: 0.748005
Erro de Little: 0.00000008297947462488
