ocupacao: 0.800165
E[N]: 4.033906
E[W]: 2.014636
Erro de Little: 0.00000003402656201246
