ocupacao: 0.901403
E[N]: 9.218837
E[W]: 4.599239
Erro de Little: 0.00000005672591285588
