ocupacao: 0.989348
E[N]: 78.460010
E[W]: 39.207639
Erro de Little: 0.00000006959029974496
